(kicad_pcb (version 20171130) (host pcbnew "(5.1.4)-1")

  (general
    (thickness 1.6)
    (drawings 6)
    (tracks 0)
    (zones 0)
    (modules 86)
    (nets 235)
  )

  (page A4)
  (layers
    (0 F.Cu signal)
    (1 In1.Cu power)
    (2 In2.Cu power)
    (31 B.Cu signal)
    (33 F.Adhes user)
    (35 F.Paste user)
    (37 F.SilkS user)
    (39 F.Mask user)
    (40 Dwgs.User user hide)
    (41 Cmts.User user hide)
    (42 Eco1.User user hide)
    (43 Eco2.User user hide)
    (44 Edge.Cuts user)
    (45 Margin user hide)
    (46 B.CrtYd user)
    (47 F.CrtYd user hide)
    (49 F.Fab user hide)
  )

  (setup
    (last_trace_width 0.25)
    (user_trace_width 0.3)
    (user_trace_width 0.4)
    (user_trace_width 0.5)
    (user_trace_width 1)
    (trace_clearance 0.2)
    (zone_clearance 0.508)
    (zone_45_only no)
    (trace_min 0.127)
    (via_size 0.8)
    (via_drill 0.4)
    (via_min_size 0.45)
    (via_min_drill 0.3)
    (user_via 1 0.8)
    (uvia_size 0.3)
    (uvia_drill 0.1)
    (uvias_allowed no)
    (uvia_min_size 0.2)
    (uvia_min_drill 0.1)
    (edge_width 0.05)
    (segment_width 0.2)
    (pcb_text_width 0.3)
    (pcb_text_size 1.5 1.5)
    (mod_edge_width 0.12)
    (mod_text_size 1 1)
    (mod_text_width 0.15)
    (pad_size 1.524 1.524)
    (pad_drill 0.762)
    (pad_to_mask_clearance 0)
    (aux_axis_origin 0 0)
    (visible_elements 7FFFFFFF)
    (pcbplotparams
      (layerselection 0x010a8_ffffffff)
      (usegerberextensions false)
      (usegerberattributes true)
      (usegerberadvancedattributes true)
      (creategerberjobfile true)
      (excludeedgelayer true)
      (linewidth 0.100000)
      (plotframeref false)
      (viasonmask false)
      (mode 1)
      (useauxorigin false)
      (hpglpennumber 1)
      (hpglpenspeed 20)
      (hpglpendiameter 15.000000)
      (psnegative false)
      (psa4output false)
      (plotreference true)
      (plotvalue true)
      (plotinvisibletext false)
      (padsonsilk false)
      (subtractmaskfromsilk false)
      (outputformat 1)
      (mirror false)
      (drillshape 0)
      (scaleselection 1)
      (outputdirectory "Assembly/"))
  )

  (net 0 "")
  (net 1 GND)
  (net 2 "Net-(C1-Pad1)")
  (net 3 +3V3)
  (net 4 +3.3VA)
  (net 5 HSE_In)
  (net 6 "Net-(C16-Pad1)")
  (net 7 "Net-(C17-Pad1)")
  (net 8 "Net-(D1-Pad1)")
  (net 9 VCC)
  (net 10 "Net-(D2-Pad1)")
  (net 11 "Net-(D3-Pad2)")
  (net 12 "Net-(D3-Pad1)")
  (net 13 "Net-(F1-Pad2)")
  (net 14 I2C1-SDA)
  (net 15 I2C1-SCL)
  (net 16 BOOT0)
  (net 17 BOOT1)
  (net 18 SPI1_CS)
  (net 19 SPI1_CLK)
  (net 20 SPI1_MISO)
  (net 21 SPI1_MOSI)
  (net 22 SWDIO)
  (net 23 SWCLK)
  (net 24 SWO)
  (net 25 "Net-(SW_PORT1-Pad7)")
  (net 26 "Net-(SW_PORT1-Pad8)")
  (net 27 NRST)
  (net 28 "Net-(U2-Pad2)")
  (net 29 "Net-(U2-Pad3)")
  (net 30 "Net-(U2-Pad4)")
  (net 31 HSE_Out)
  (net 32 "Net-(U2-Pad8)")
  (net 33 "Net-(U2-Pad9)")
  (net 34 "Net-(U2-Pad10)")
  (net 35 "Net-(U2-Pad11)")
  (net 36 "Net-(U2-Pad14)")
  (net 37 "Net-(U2-Pad15)")
  (net 38 "Net-(U2-Pad16)")
  (net 39 "Net-(U2-Pad17)")
  (net 40 "Net-(U2-Pad24)")
  (net 41 "Net-(U2-Pad25)")
  (net 42 "Net-(U2-Pad26)")
  (net 43 "Net-(U2-Pad28)")
  (net 44 "Net-(U2-Pad29)")
  (net 45 "Net-(U2-Pad34)")
  (net 46 "Net-(U2-Pad35)")
  (net 47 "Net-(U2-Pad36)")
  (net 48 "Net-(U2-Pad37)")
  (net 49 "Net-(U2-Pad38)")
  (net 50 "Net-(U2-Pad39)")
  (net 51 "Net-(U2-Pad40)")
  (net 52 "Net-(U2-Pad41)")
  (net 53 USART1_Tx)
  (net 54 USART1_Rx)
  (net 55 "Net-(U2-Pad44)")
  (net 56 "Net-(U2-Pad45)")
  (net 57 "Net-(U2-Pad50)")
  (net 58 "Net-(U2-Pad51)")
  (net 59 "Net-(U2-Pad52)")
  (net 60 "Net-(U2-Pad53)")
  (net 61 "Net-(U2-Pad54)")
  (net 62 "Net-(U2-Pad56)")
  (net 63 "Net-(U2-Pad57)")
  (net 64 "Net-(U2-Pad58)")
  (net 65 "Net-(U2-Pad62)")
  (net 66 +5V)
  (net 67 "Net-(C12-Pad1)")
  (net 68 VDDUSB)
  (net 69 VDDIO2)
  (net 70 "Net-(C18-Pad2)")
  (net 71 GNDA)
  (net 72 "Net-(D1-Pad2)")
  (net 73 "Net-(FB1-Pad1)")
  (net 74 5V_Input)
  (net 75 "Net-(FB4-Pad2)")
  (net 76 "Net-(FB5-Pad1)")
  (net 77 "Net-(J1-Pad6)")
  (net 78 "Net-(J1-Pad7)")
  (net 79 "Net-(J1-Pad8)")
  (net 80 "Net-(J1-Pad10)")
  (net 81 "Net-(J1-Pad11)")
  (net 82 "Net-(J1-Pad12)")
  (net 83 "Net-(J1-Pad13)")
  (net 84 "Net-(J1-Pad15)")
  (net 85 "Net-(J1-Pad16)")
  (net 86 "Net-(J1-Pad17)")
  (net 87 "Net-(J1-Pad18)")
  (net 88 "Net-(J1-Pad19)")
  (net 89 "Net-(J1-Pad21)")
  (net 90 "Net-(J1-Pad22)")
  (net 91 "Net-(J1-Pad23)")
  (net 92 "Net-(J1-Pad24)")
  (net 93 "Net-(J1-Pad26)")
  (net 94 "Net-(J1-Pad27)")
  (net 95 "Net-(J1-Pad28)")
  (net 96 "Net-(J1-Pad29)")
  (net 97 "Net-(J1-Pad31)")
  (net 98 "Net-(J1-Pad32)")
  (net 99 "Net-(J1-Pad33)")
  (net 100 "Net-(J1-Pad35)")
  (net 101 "Net-(J1-Pad36)")
  (net 102 "Net-(J1-Pad37)")
  (net 103 "Net-(J1-Pad38)")
  (net 104 "Net-(J1-Pad40)")
  (net 105 PM_Input)
  (net 106 "Net-(MAX4372F1-Pad7)")
  (net 107 "Net-(MAX4372F1-Pad5)")
  (net 108 PIN)
  (net 109 "Net-(MAX4372F1-Pad2)")
  (net 110 "Net-(O1-Pad2)")
  (net 111 "Net-(O1-Pad1)")
  (net 112 "Net-(R10-Pad1)")
  (net 113 "Net-(U1-Pad7)")
  (net 114 "Net-(U1-Pad6)")
  (net 115 "Net-(U1-Pad5)")
  (net 116 "Net-(U1-Pad4)")
  (net 117 "Net-(U1-Pad3)")
  (net 118 "Net-(U1-Pad2)")
  (net 119 "Net-(U1-Pad1)")
  (net 120 "Net-(U3-Pad1)")
  (net 121 "Net-(U3-Pad2)")
  (net 122 "Net-(U3-Pad3)")
  (net 123 "Net-(U3-Pad4)")
  (net 124 "Net-(U3-Pad5)")
  (net 125 "Net-(U3-Pad7)")
  (net 126 "Net-(U3-Pad8)")
  (net 127 "Net-(U3-Pad9)")
  (net 128 "Net-(U3-Pad10)")
  (net 129 "Net-(U3-Pad11)")
  (net 130 "Net-(U3-Pad12)")
  (net 131 "Net-(U3-Pad13)")
  (net 132 "Net-(U3-Pad14)")
  (net 133 "Net-(U3-Pad15)")
  (net 134 "Net-(U3-Pad18)")
  (net 135 "Net-(U3-Pad19)")
  (net 136 "Net-(U3-Pad20)")
  (net 137 "Net-(U3-Pad21)")
  (net 138 "Net-(U3-Pad22)")
  (net 139 "Net-(U3-Pad23)")
  (net 140 "Net-(U3-Pad24)")
  (net 141 "Net-(U3-Pad25)")
  (net 142 "Net-(U3-Pad26)")
  (net 143 "Net-(U3-Pad27)")
  (net 144 "Net-(U3-Pad28)")
  (net 145 "Net-(U3-Pad29)")
  (net 146 "Net-(U3-Pad34)")
  (net 147 "Net-(U3-Pad35)")
  (net 148 "Net-(U3-Pad36)")
  (net 149 "Net-(U3-Pad37)")
  (net 150 "Net-(U3-Pad40)")
  (net 151 "Net-(U3-Pad41)")
  (net 152 "Net-(U3-Pad42)")
  (net 153 "Net-(U3-Pad43)")
  (net 154 "Net-(U3-Pad44)")
  (net 155 "Net-(U3-Pad45)")
  (net 156 "Net-(U3-Pad46)")
  (net 157 "Net-(U3-Pad47)")
  (net 158 "Net-(U3-Pad48)")
  (net 159 "Net-(U3-Pad49)")
  (net 160 "Net-(U3-Pad50)")
  (net 161 "Net-(U3-Pad53)")
  (net 162 "Net-(U3-Pad54)")
  (net 163 "Net-(U3-Pad55)")
  (net 164 "Net-(U3-Pad56)")
  (net 165 "Net-(U3-Pad57)")
  (net 166 "Net-(U3-Pad58)")
  (net 167 "Net-(U3-Pad59)")
  (net 168 "Net-(U3-Pad60)")
  (net 169 "Net-(U3-Pad63)")
  (net 170 "Net-(U3-Pad64)")
  (net 171 "Net-(U3-Pad65)")
  (net 172 "Net-(U3-Pad66)")
  (net 173 "Net-(U3-Pad67)")
  (net 174 "Net-(U3-Pad68)")
  (net 175 "Net-(U3-Pad69)")
  (net 176 "Net-(U3-Pad70)")
  (net 177 "Net-(U3-Pad73)")
  (net 178 "Net-(U3-Pad74)")
  (net 179 "Net-(U3-Pad75)")
  (net 180 "Net-(U3-Pad76)")
  (net 181 "Net-(U3-Pad77)")
  (net 182 "Net-(U3-Pad78)")
  (net 183 "Net-(U3-Pad79)")
  (net 184 "Net-(U3-Pad80)")
  (net 185 "Net-(U3-Pad81)")
  (net 186 "Net-(U3-Pad82)")
  (net 187 "Net-(U3-Pad85)")
  (net 188 "Net-(U3-Pad86)")
  (net 189 "Net-(U3-Pad87)")
  (net 190 "Net-(U3-Pad88)")
  (net 191 "Net-(U3-Pad89)")
  (net 192 "Net-(U3-Pad90)")
  (net 193 "Net-(U3-Pad91)")
  (net 194 "Net-(U3-Pad92)")
  (net 195 "Net-(U3-Pad93)")
  (net 196 "Net-(U3-Pad96)")
  (net 197 "Net-(U3-Pad97)")
  (net 198 "Net-(U3-Pad98)")
  (net 199 "Net-(U3-Pad99)")
  (net 200 "Net-(U3-Pad100)")
  (net 201 "Net-(U3-Pad101)")
  (net 202 "Net-(U3-Pad102)")
  (net 203 "Net-(U3-Pad103)")
  (net 204 "Net-(U3-Pad104)")
  (net 205 "Net-(U3-Pad105)")
  (net 206 "Net-(U3-Pad109)")
  (net 207 "Net-(U3-Pad110)")
  (net 208 "Net-(U3-Pad111)")
  (net 209 "Net-(U3-Pad112)")
  (net 210 "Net-(U3-Pad113)")
  (net 211 "Net-(U3-Pad114)")
  (net 212 "Net-(U3-Pad115)")
  (net 213 "Net-(U3-Pad116)")
  (net 214 "Net-(U3-Pad117)")
  (net 215 "Net-(U3-Pad118)")
  (net 216 "Net-(U3-Pad119)")
  (net 217 "Net-(U3-Pad122)")
  (net 218 "Net-(U3-Pad123)")
  (net 219 "Net-(U3-Pad124)")
  (net 220 "Net-(U3-Pad125)")
  (net 221 "Net-(U3-Pad126)")
  (net 222 "Net-(U3-Pad127)")
  (net 223 "Net-(U3-Pad132)")
  (net 224 "Net-(U3-Pad133)")
  (net 225 "Net-(U3-Pad134)")
  (net 226 "Net-(U3-Pad135)")
  (net 227 "Net-(U3-Pad136)")
  (net 228 "Net-(U3-Pad137)")
  (net 229 "Net-(U3-Pad138)")
  (net 230 "Net-(U3-Pad139)")
  (net 231 "Net-(U3-Pad140)")
  (net 232 "Net-(U3-Pad141)")
  (net 233 "Net-(U3-Pad142)")
  (net 234 "Net-(BT1-Pad1)")

  (net_class Default "This is the default net class."
    (clearance 0.2)
    (trace_width 0.25)
    (via_dia 0.8)
    (via_drill 0.4)
    (uvia_dia 0.3)
    (uvia_drill 0.1)
    (add_net +3.3VA)
    (add_net +3V3)
    (add_net +5V)
    (add_net 5V_Input)
    (add_net BOOT0)
    (add_net BOOT1)
    (add_net GND)
    (add_net GNDA)
    (add_net HSE_In)
    (add_net HSE_Out)
    (add_net I2C1-SCL)
    (add_net I2C1-SDA)
    (add_net NRST)
    (add_net "Net-(BT1-Pad1)")
    (add_net "Net-(C1-Pad1)")
    (add_net "Net-(C12-Pad1)")
    (add_net "Net-(C16-Pad1)")
    (add_net "Net-(C17-Pad1)")
    (add_net "Net-(C18-Pad2)")
    (add_net "Net-(D1-Pad1)")
    (add_net "Net-(D1-Pad2)")
    (add_net "Net-(D2-Pad1)")
    (add_net "Net-(D3-Pad1)")
    (add_net "Net-(D3-Pad2)")
    (add_net "Net-(F1-Pad2)")
    (add_net "Net-(FB1-Pad1)")
    (add_net "Net-(FB4-Pad2)")
    (add_net "Net-(FB5-Pad1)")
    (add_net "Net-(J1-Pad10)")
    (add_net "Net-(J1-Pad11)")
    (add_net "Net-(J1-Pad12)")
    (add_net "Net-(J1-Pad13)")
    (add_net "Net-(J1-Pad15)")
    (add_net "Net-(J1-Pad16)")
    (add_net "Net-(J1-Pad17)")
    (add_net "Net-(J1-Pad18)")
    (add_net "Net-(J1-Pad19)")
    (add_net "Net-(J1-Pad21)")
    (add_net "Net-(J1-Pad22)")
    (add_net "Net-(J1-Pad23)")
    (add_net "Net-(J1-Pad24)")
    (add_net "Net-(J1-Pad26)")
    (add_net "Net-(J1-Pad27)")
    (add_net "Net-(J1-Pad28)")
    (add_net "Net-(J1-Pad29)")
    (add_net "Net-(J1-Pad31)")
    (add_net "Net-(J1-Pad32)")
    (add_net "Net-(J1-Pad33)")
    (add_net "Net-(J1-Pad35)")
    (add_net "Net-(J1-Pad36)")
    (add_net "Net-(J1-Pad37)")
    (add_net "Net-(J1-Pad38)")
    (add_net "Net-(J1-Pad40)")
    (add_net "Net-(J1-Pad6)")
    (add_net "Net-(J1-Pad7)")
    (add_net "Net-(J1-Pad8)")
    (add_net "Net-(MAX4372F1-Pad2)")
    (add_net "Net-(MAX4372F1-Pad5)")
    (add_net "Net-(MAX4372F1-Pad7)")
    (add_net "Net-(O1-Pad1)")
    (add_net "Net-(O1-Pad2)")
    (add_net "Net-(R10-Pad1)")
    (add_net "Net-(SW_PORT1-Pad7)")
    (add_net "Net-(SW_PORT1-Pad8)")
    (add_net "Net-(U1-Pad1)")
    (add_net "Net-(U1-Pad2)")
    (add_net "Net-(U1-Pad3)")
    (add_net "Net-(U1-Pad4)")
    (add_net "Net-(U1-Pad5)")
    (add_net "Net-(U1-Pad6)")
    (add_net "Net-(U1-Pad7)")
    (add_net "Net-(U2-Pad10)")
    (add_net "Net-(U2-Pad11)")
    (add_net "Net-(U2-Pad14)")
    (add_net "Net-(U2-Pad15)")
    (add_net "Net-(U2-Pad16)")
    (add_net "Net-(U2-Pad17)")
    (add_net "Net-(U2-Pad2)")
    (add_net "Net-(U2-Pad24)")
    (add_net "Net-(U2-Pad25)")
    (add_net "Net-(U2-Pad26)")
    (add_net "Net-(U2-Pad28)")
    (add_net "Net-(U2-Pad29)")
    (add_net "Net-(U2-Pad3)")
    (add_net "Net-(U2-Pad34)")
    (add_net "Net-(U2-Pad35)")
    (add_net "Net-(U2-Pad36)")
    (add_net "Net-(U2-Pad37)")
    (add_net "Net-(U2-Pad38)")
    (add_net "Net-(U2-Pad39)")
    (add_net "Net-(U2-Pad4)")
    (add_net "Net-(U2-Pad40)")
    (add_net "Net-(U2-Pad41)")
    (add_net "Net-(U2-Pad44)")
    (add_net "Net-(U2-Pad45)")
    (add_net "Net-(U2-Pad50)")
    (add_net "Net-(U2-Pad51)")
    (add_net "Net-(U2-Pad52)")
    (add_net "Net-(U2-Pad53)")
    (add_net "Net-(U2-Pad54)")
    (add_net "Net-(U2-Pad56)")
    (add_net "Net-(U2-Pad57)")
    (add_net "Net-(U2-Pad58)")
    (add_net "Net-(U2-Pad62)")
    (add_net "Net-(U2-Pad8)")
    (add_net "Net-(U2-Pad9)")
    (add_net "Net-(U3-Pad1)")
    (add_net "Net-(U3-Pad10)")
    (add_net "Net-(U3-Pad100)")
    (add_net "Net-(U3-Pad101)")
    (add_net "Net-(U3-Pad102)")
    (add_net "Net-(U3-Pad103)")
    (add_net "Net-(U3-Pad104)")
    (add_net "Net-(U3-Pad105)")
    (add_net "Net-(U3-Pad109)")
    (add_net "Net-(U3-Pad11)")
    (add_net "Net-(U3-Pad110)")
    (add_net "Net-(U3-Pad111)")
    (add_net "Net-(U3-Pad112)")
    (add_net "Net-(U3-Pad113)")
    (add_net "Net-(U3-Pad114)")
    (add_net "Net-(U3-Pad115)")
    (add_net "Net-(U3-Pad116)")
    (add_net "Net-(U3-Pad117)")
    (add_net "Net-(U3-Pad118)")
    (add_net "Net-(U3-Pad119)")
    (add_net "Net-(U3-Pad12)")
    (add_net "Net-(U3-Pad122)")
    (add_net "Net-(U3-Pad123)")
    (add_net "Net-(U3-Pad124)")
    (add_net "Net-(U3-Pad125)")
    (add_net "Net-(U3-Pad126)")
    (add_net "Net-(U3-Pad127)")
    (add_net "Net-(U3-Pad13)")
    (add_net "Net-(U3-Pad132)")
    (add_net "Net-(U3-Pad133)")
    (add_net "Net-(U3-Pad134)")
    (add_net "Net-(U3-Pad135)")
    (add_net "Net-(U3-Pad136)")
    (add_net "Net-(U3-Pad137)")
    (add_net "Net-(U3-Pad138)")
    (add_net "Net-(U3-Pad139)")
    (add_net "Net-(U3-Pad14)")
    (add_net "Net-(U3-Pad140)")
    (add_net "Net-(U3-Pad141)")
    (add_net "Net-(U3-Pad142)")
    (add_net "Net-(U3-Pad15)")
    (add_net "Net-(U3-Pad18)")
    (add_net "Net-(U3-Pad19)")
    (add_net "Net-(U3-Pad2)")
    (add_net "Net-(U3-Pad20)")
    (add_net "Net-(U3-Pad21)")
    (add_net "Net-(U3-Pad22)")
    (add_net "Net-(U3-Pad23)")
    (add_net "Net-(U3-Pad24)")
    (add_net "Net-(U3-Pad25)")
    (add_net "Net-(U3-Pad26)")
    (add_net "Net-(U3-Pad27)")
    (add_net "Net-(U3-Pad28)")
    (add_net "Net-(U3-Pad29)")
    (add_net "Net-(U3-Pad3)")
    (add_net "Net-(U3-Pad34)")
    (add_net "Net-(U3-Pad35)")
    (add_net "Net-(U3-Pad36)")
    (add_net "Net-(U3-Pad37)")
    (add_net "Net-(U3-Pad4)")
    (add_net "Net-(U3-Pad40)")
    (add_net "Net-(U3-Pad41)")
    (add_net "Net-(U3-Pad42)")
    (add_net "Net-(U3-Pad43)")
    (add_net "Net-(U3-Pad44)")
    (add_net "Net-(U3-Pad45)")
    (add_net "Net-(U3-Pad46)")
    (add_net "Net-(U3-Pad47)")
    (add_net "Net-(U3-Pad48)")
    (add_net "Net-(U3-Pad49)")
    (add_net "Net-(U3-Pad5)")
    (add_net "Net-(U3-Pad50)")
    (add_net "Net-(U3-Pad53)")
    (add_net "Net-(U3-Pad54)")
    (add_net "Net-(U3-Pad55)")
    (add_net "Net-(U3-Pad56)")
    (add_net "Net-(U3-Pad57)")
    (add_net "Net-(U3-Pad58)")
    (add_net "Net-(U3-Pad59)")
    (add_net "Net-(U3-Pad60)")
    (add_net "Net-(U3-Pad63)")
    (add_net "Net-(U3-Pad64)")
    (add_net "Net-(U3-Pad65)")
    (add_net "Net-(U3-Pad66)")
    (add_net "Net-(U3-Pad67)")
    (add_net "Net-(U3-Pad68)")
    (add_net "Net-(U3-Pad69)")
    (add_net "Net-(U3-Pad7)")
    (add_net "Net-(U3-Pad70)")
    (add_net "Net-(U3-Pad73)")
    (add_net "Net-(U3-Pad74)")
    (add_net "Net-(U3-Pad75)")
    (add_net "Net-(U3-Pad76)")
    (add_net "Net-(U3-Pad77)")
    (add_net "Net-(U3-Pad78)")
    (add_net "Net-(U3-Pad79)")
    (add_net "Net-(U3-Pad8)")
    (add_net "Net-(U3-Pad80)")
    (add_net "Net-(U3-Pad81)")
    (add_net "Net-(U3-Pad82)")
    (add_net "Net-(U3-Pad85)")
    (add_net "Net-(U3-Pad86)")
    (add_net "Net-(U3-Pad87)")
    (add_net "Net-(U3-Pad88)")
    (add_net "Net-(U3-Pad89)")
    (add_net "Net-(U3-Pad9)")
    (add_net "Net-(U3-Pad90)")
    (add_net "Net-(U3-Pad91)")
    (add_net "Net-(U3-Pad92)")
    (add_net "Net-(U3-Pad93)")
    (add_net "Net-(U3-Pad96)")
    (add_net "Net-(U3-Pad97)")
    (add_net "Net-(U3-Pad98)")
    (add_net "Net-(U3-Pad99)")
    (add_net PIN)
    (add_net PM_Input)
    (add_net SPI1_CLK)
    (add_net SPI1_CS)
    (add_net SPI1_MISO)
    (add_net SPI1_MOSI)
    (add_net SWCLK)
    (add_net SWDIO)
    (add_net SWO)
    (add_net USART1_Rx)
    (add_net USART1_Tx)
    (add_net VCC)
    (add_net VDDIO2)
    (add_net VDDUSB)
  )

  (module Capacitor_SMD:C_0805_2012Metric_Pad1.18x1.45mm_HandSolder (layer F.Cu) (tedit 5F68FEEF) (tstamp 5F7CC254)
    (at 37.11 65.24 180)
    (descr "Capacitor SMD 0805 (2012 Metric), square (rectangular) end terminal, IPC_7351 nominal with elongated pad for handsoldering. (Body size source: IPC-SM-782 page 76, https://www.pcb-3d.com/wordpress/wp-content/uploads/ipc-sm-782a_amendment_1_and_2.pdf, https://docs.google.com/spreadsheets/d/1BsfQQcO9C6DZCsRaXUlFlo91Tg2WpOkGARC1WS5S8t0/edit?usp=sharing), generated with kicad-footprint-generator")
    (tags "capacitor handsolder")
    (path /5F7979F1)
    (attr smd)
    (fp_text reference C1 (at 0 -1.68) (layer F.SilkS)
      (effects (font (size 1 1) (thickness 0.15)))
    )
    (fp_text value 10uF (at 0 1.68) (layer F.Fab)
      (effects (font (size 1 1) (thickness 0.15)))
    )
    (fp_line (start -1 0.625) (end -1 -0.625) (layer F.Fab) (width 0.1))
    (fp_line (start -1 -0.625) (end 1 -0.625) (layer F.Fab) (width 0.1))
    (fp_line (start 1 -0.625) (end 1 0.625) (layer F.Fab) (width 0.1))
    (fp_line (start 1 0.625) (end -1 0.625) (layer F.Fab) (width 0.1))
    (fp_line (start -0.261252 -0.735) (end 0.261252 -0.735) (layer F.SilkS) (width 0.12))
    (fp_line (start -0.261252 0.735) (end 0.261252 0.735) (layer F.SilkS) (width 0.12))
    (fp_line (start -1.88 0.98) (end -1.88 -0.98) (layer F.CrtYd) (width 0.05))
    (fp_line (start -1.88 -0.98) (end 1.88 -0.98) (layer F.CrtYd) (width 0.05))
    (fp_line (start 1.88 -0.98) (end 1.88 0.98) (layer F.CrtYd) (width 0.05))
    (fp_line (start 1.88 0.98) (end -1.88 0.98) (layer F.CrtYd) (width 0.05))
    (fp_text user %R (at 0 0) (layer F.Fab)
      (effects (font (size 0.5 0.5) (thickness 0.08)))
    )
    (pad 2 smd roundrect (at 1.0375 0 180) (size 1.175 1.45) (layers F.Cu F.Paste F.Mask) (roundrect_rratio 0.2127659574468085)
      (net 1 GND))
    (pad 1 smd roundrect (at -1.0375 0 180) (size 1.175 1.45) (layers F.Cu F.Paste F.Mask) (roundrect_rratio 0.2127659574468085)
      (net 2 "Net-(C1-Pad1)"))
    (model ${KISYS3DMOD}/Capacitor_SMD.3dshapes/C_0805_2012Metric.wrl
      (at (xyz 0 0 0))
      (scale (xyz 1 1 1))
      (rotate (xyz 0 0 0))
    )
  )

  (module Capacitor_SMD:C_0805_2012Metric_Pad1.18x1.45mm_HandSolder (layer F.Cu) (tedit 5F68FEEF) (tstamp 5F7CC265)
    (at 37.51 52.28 180)
    (descr "Capacitor SMD 0805 (2012 Metric), square (rectangular) end terminal, IPC_7351 nominal with elongated pad for handsoldering. (Body size source: IPC-SM-782 page 76, https://www.pcb-3d.com/wordpress/wp-content/uploads/ipc-sm-782a_amendment_1_and_2.pdf, https://docs.google.com/spreadsheets/d/1BsfQQcO9C6DZCsRaXUlFlo91Tg2WpOkGARC1WS5S8t0/edit?usp=sharing), generated with kicad-footprint-generator")
    (tags "capacitor handsolder")
    (path /5F798BD3)
    (attr smd)
    (fp_text reference C2 (at 0 1.72) (layer F.SilkS)
      (effects (font (size 1 1) (thickness 0.15)))
    )
    (fp_text value 10uF (at 0 1.68) (layer F.Fab)
      (effects (font (size 1 1) (thickness 0.15)))
    )
    (fp_line (start 1.88 0.98) (end -1.88 0.98) (layer F.CrtYd) (width 0.05))
    (fp_line (start 1.88 -0.98) (end 1.88 0.98) (layer F.CrtYd) (width 0.05))
    (fp_line (start -1.88 -0.98) (end 1.88 -0.98) (layer F.CrtYd) (width 0.05))
    (fp_line (start -1.88 0.98) (end -1.88 -0.98) (layer F.CrtYd) (width 0.05))
    (fp_line (start -0.261252 0.735) (end 0.261252 0.735) (layer F.SilkS) (width 0.12))
    (fp_line (start -0.261252 -0.735) (end 0.261252 -0.735) (layer F.SilkS) (width 0.12))
    (fp_line (start 1 0.625) (end -1 0.625) (layer F.Fab) (width 0.1))
    (fp_line (start 1 -0.625) (end 1 0.625) (layer F.Fab) (width 0.1))
    (fp_line (start -1 -0.625) (end 1 -0.625) (layer F.Fab) (width 0.1))
    (fp_line (start -1 0.625) (end -1 -0.625) (layer F.Fab) (width 0.1))
    (fp_text user %R (at 0 0) (layer F.Fab)
      (effects (font (size 0.5 0.5) (thickness 0.08)))
    )
    (pad 1 smd roundrect (at -1.0375 0 180) (size 1.175 1.45) (layers F.Cu F.Paste F.Mask) (roundrect_rratio 0.2127659574468085)
      (net 3 +3V3))
    (pad 2 smd roundrect (at 1.0375 0 180) (size 1.175 1.45) (layers F.Cu F.Paste F.Mask) (roundrect_rratio 0.2127659574468085)
      (net 1 GND))
    (model ${KISYS3DMOD}/Capacitor_SMD.3dshapes/C_0805_2012Metric.wrl
      (at (xyz 0 0 0))
      (scale (xyz 1 1 1))
      (rotate (xyz 0 0 0))
    )
  )

  (module Capacitor_SMD:C_0805_2012Metric_Pad1.18x1.45mm_HandSolder (layer F.Cu) (tedit 5F68FEEF) (tstamp 5F7CC276)
    (at 52.38 52.08 270)
    (descr "Capacitor SMD 0805 (2012 Metric), square (rectangular) end terminal, IPC_7351 nominal with elongated pad for handsoldering. (Body size source: IPC-SM-782 page 76, https://www.pcb-3d.com/wordpress/wp-content/uploads/ipc-sm-782a_amendment_1_and_2.pdf, https://docs.google.com/spreadsheets/d/1BsfQQcO9C6DZCsRaXUlFlo91Tg2WpOkGARC1WS5S8t0/edit?usp=sharing), generated with kicad-footprint-generator")
    (tags "capacitor handsolder")
    (path /5F7CF478)
    (attr smd)
    (fp_text reference C3 (at 0 -1.68 90) (layer F.SilkS)
      (effects (font (size 1 1) (thickness 0.15)))
    )
    (fp_text value 10uF (at 0 1.68 90) (layer F.Fab)
      (effects (font (size 1 1) (thickness 0.15)))
    )
    (fp_line (start 1.88 0.98) (end -1.88 0.98) (layer F.CrtYd) (width 0.05))
    (fp_line (start 1.88 -0.98) (end 1.88 0.98) (layer F.CrtYd) (width 0.05))
    (fp_line (start -1.88 -0.98) (end 1.88 -0.98) (layer F.CrtYd) (width 0.05))
    (fp_line (start -1.88 0.98) (end -1.88 -0.98) (layer F.CrtYd) (width 0.05))
    (fp_line (start -0.261252 0.735) (end 0.261252 0.735) (layer F.SilkS) (width 0.12))
    (fp_line (start -0.261252 -0.735) (end 0.261252 -0.735) (layer F.SilkS) (width 0.12))
    (fp_line (start 1 0.625) (end -1 0.625) (layer F.Fab) (width 0.1))
    (fp_line (start 1 -0.625) (end 1 0.625) (layer F.Fab) (width 0.1))
    (fp_line (start -1 -0.625) (end 1 -0.625) (layer F.Fab) (width 0.1))
    (fp_line (start -1 0.625) (end -1 -0.625) (layer F.Fab) (width 0.1))
    (fp_text user %R (at 0 0 90) (layer F.Fab)
      (effects (font (size 0.5 0.5) (thickness 0.08)))
    )
    (pad 1 smd roundrect (at -1.0375 0 270) (size 1.175 1.45) (layers F.Cu F.Paste F.Mask) (roundrect_rratio 0.2127659574468085)
      (net 3 +3V3))
    (pad 2 smd roundrect (at 1.0375 0 270) (size 1.175 1.45) (layers F.Cu F.Paste F.Mask) (roundrect_rratio 0.2127659574468085)
      (net 1 GND))
    (model ${KISYS3DMOD}/Capacitor_SMD.3dshapes/C_0805_2012Metric.wrl
      (at (xyz 0 0 0))
      (scale (xyz 1 1 1))
      (rotate (xyz 0 0 0))
    )
  )

  (module Capacitor_SMD:C_0402_1005Metric_Pad0.74x0.62mm_HandSolder (layer F.Cu) (tedit 5F6BB22C) (tstamp 5F7CC287)
    (at 55.19 52.3 270)
    (descr "Capacitor SMD 0402 (1005 Metric), square (rectangular) end terminal, IPC_7351 nominal with elongated pad for handsoldering. (Body size source: IPC-SM-782 page 76, https://www.pcb-3d.com/wordpress/wp-content/uploads/ipc-sm-782a_amendment_1_and_2.pdf), generated with kicad-footprint-generator")
    (tags "capacitor handsolder")
    (path /5F7CF147)
    (attr smd)
    (fp_text reference C4 (at 0 -1.16 90) (layer F.SilkS)
      (effects (font (size 1 1) (thickness 0.15)))
    )
    (fp_text value 100nF (at 0 1.16 90) (layer F.Fab)
      (effects (font (size 1 1) (thickness 0.15)))
    )
    (fp_line (start -0.5 0.25) (end -0.5 -0.25) (layer F.Fab) (width 0.1))
    (fp_line (start -0.5 -0.25) (end 0.5 -0.25) (layer F.Fab) (width 0.1))
    (fp_line (start 0.5 -0.25) (end 0.5 0.25) (layer F.Fab) (width 0.1))
    (fp_line (start 0.5 0.25) (end -0.5 0.25) (layer F.Fab) (width 0.1))
    (fp_line (start -0.115835 -0.36) (end 0.115835 -0.36) (layer F.SilkS) (width 0.12))
    (fp_line (start -0.115835 0.36) (end 0.115835 0.36) (layer F.SilkS) (width 0.12))
    (fp_line (start -1.08 0.46) (end -1.08 -0.46) (layer F.CrtYd) (width 0.05))
    (fp_line (start -1.08 -0.46) (end 1.08 -0.46) (layer F.CrtYd) (width 0.05))
    (fp_line (start 1.08 -0.46) (end 1.08 0.46) (layer F.CrtYd) (width 0.05))
    (fp_line (start 1.08 0.46) (end -1.08 0.46) (layer F.CrtYd) (width 0.05))
    (fp_text user %R (at 0 0 90) (layer F.Fab)
      (effects (font (size 0.25 0.25) (thickness 0.04)))
    )
    (pad 2 smd roundrect (at 0.5675 0 270) (size 0.735 0.62) (layers F.Cu F.Paste F.Mask) (roundrect_rratio 0.25)
      (net 1 GND))
    (pad 1 smd roundrect (at -0.5675 0 270) (size 0.735 0.62) (layers F.Cu F.Paste F.Mask) (roundrect_rratio 0.25)
      (net 3 +3V3))
    (model ${KISYS3DMOD}/Capacitor_SMD.3dshapes/C_0402_1005Metric.wrl
      (at (xyz 0 0 0))
      (scale (xyz 1 1 1))
      (rotate (xyz 0 0 0))
    )
  )

  (module Capacitor_SMD:C_0402_1005Metric_Pad0.74x0.62mm_HandSolder (layer F.Cu) (tedit 5F6BB22C) (tstamp 5F7CC298)
    (at 58.6 68.02 180)
    (descr "Capacitor SMD 0402 (1005 Metric), square (rectangular) end terminal, IPC_7351 nominal with elongated pad for handsoldering. (Body size source: IPC-SM-782 page 76, https://www.pcb-3d.com/wordpress/wp-content/uploads/ipc-sm-782a_amendment_1_and_2.pdf), generated with kicad-footprint-generator")
    (tags "capacitor handsolder")
    (path /5F7C96DC)
    (attr smd)
    (fp_text reference C5 (at -2.16 -0.03) (layer F.SilkS)
      (effects (font (size 1 1) (thickness 0.15)))
    )
    (fp_text value 100nF (at 0 1.16) (layer F.Fab)
      (effects (font (size 1 1) (thickness 0.15)))
    )
    (fp_line (start 1.08 0.46) (end -1.08 0.46) (layer F.CrtYd) (width 0.05))
    (fp_line (start 1.08 -0.46) (end 1.08 0.46) (layer F.CrtYd) (width 0.05))
    (fp_line (start -1.08 -0.46) (end 1.08 -0.46) (layer F.CrtYd) (width 0.05))
    (fp_line (start -1.08 0.46) (end -1.08 -0.46) (layer F.CrtYd) (width 0.05))
    (fp_line (start -0.115835 0.36) (end 0.115835 0.36) (layer F.SilkS) (width 0.12))
    (fp_line (start -0.115835 -0.36) (end 0.115835 -0.36) (layer F.SilkS) (width 0.12))
    (fp_line (start 0.5 0.25) (end -0.5 0.25) (layer F.Fab) (width 0.1))
    (fp_line (start 0.5 -0.25) (end 0.5 0.25) (layer F.Fab) (width 0.1))
    (fp_line (start -0.5 -0.25) (end 0.5 -0.25) (layer F.Fab) (width 0.1))
    (fp_line (start -0.5 0.25) (end -0.5 -0.25) (layer F.Fab) (width 0.1))
    (fp_text user %R (at 0 0) (layer F.Fab)
      (effects (font (size 0.25 0.25) (thickness 0.04)))
    )
    (pad 1 smd roundrect (at -0.5675 0 180) (size 0.735 0.62) (layers F.Cu F.Paste F.Mask) (roundrect_rratio 0.25)
      (net 3 +3V3))
    (pad 2 smd roundrect (at 0.5675 0 180) (size 0.735 0.62) (layers F.Cu F.Paste F.Mask) (roundrect_rratio 0.25)
      (net 1 GND))
    (model ${KISYS3DMOD}/Capacitor_SMD.3dshapes/C_0402_1005Metric.wrl
      (at (xyz 0 0 0))
      (scale (xyz 1 1 1))
      (rotate (xyz 0 0 0))
    )
  )

  (module Capacitor_SMD:C_0402_1005Metric_Pad0.74x0.62mm_HandSolder (layer F.Cu) (tedit 5F6BB22C) (tstamp 5F7CC2A9)
    (at 58.54 70.25 180)
    (descr "Capacitor SMD 0402 (1005 Metric), square (rectangular) end terminal, IPC_7351 nominal with elongated pad for handsoldering. (Body size source: IPC-SM-782 page 76, https://www.pcb-3d.com/wordpress/wp-content/uploads/ipc-sm-782a_amendment_1_and_2.pdf), generated with kicad-footprint-generator")
    (tags "capacitor handsolder")
    (path /5F7CACE6)
    (attr smd)
    (fp_text reference C6 (at -2.25 -0.06) (layer F.SilkS)
      (effects (font (size 1 1) (thickness 0.15)))
    )
    (fp_text value 100nF (at 0 1.16) (layer F.Fab)
      (effects (font (size 1 1) (thickness 0.15)))
    )
    (fp_line (start -0.5 0.25) (end -0.5 -0.25) (layer F.Fab) (width 0.1))
    (fp_line (start -0.5 -0.25) (end 0.5 -0.25) (layer F.Fab) (width 0.1))
    (fp_line (start 0.5 -0.25) (end 0.5 0.25) (layer F.Fab) (width 0.1))
    (fp_line (start 0.5 0.25) (end -0.5 0.25) (layer F.Fab) (width 0.1))
    (fp_line (start -0.115835 -0.36) (end 0.115835 -0.36) (layer F.SilkS) (width 0.12))
    (fp_line (start -0.115835 0.36) (end 0.115835 0.36) (layer F.SilkS) (width 0.12))
    (fp_line (start -1.08 0.46) (end -1.08 -0.46) (layer F.CrtYd) (width 0.05))
    (fp_line (start -1.08 -0.46) (end 1.08 -0.46) (layer F.CrtYd) (width 0.05))
    (fp_line (start 1.08 -0.46) (end 1.08 0.46) (layer F.CrtYd) (width 0.05))
    (fp_line (start 1.08 0.46) (end -1.08 0.46) (layer F.CrtYd) (width 0.05))
    (fp_text user %R (at 0 0) (layer F.Fab)
      (effects (font (size 0.25 0.25) (thickness 0.04)))
    )
    (pad 2 smd roundrect (at 0.5675 0 180) (size 0.735 0.62) (layers F.Cu F.Paste F.Mask) (roundrect_rratio 0.25)
      (net 1 GND))
    (pad 1 smd roundrect (at -0.5675 0 180) (size 0.735 0.62) (layers F.Cu F.Paste F.Mask) (roundrect_rratio 0.25)
      (net 3 +3V3))
    (model ${KISYS3DMOD}/Capacitor_SMD.3dshapes/C_0402_1005Metric.wrl
      (at (xyz 0 0 0))
      (scale (xyz 1 1 1))
      (rotate (xyz 0 0 0))
    )
  )

  (module Capacitor_SMD:C_0402_1005Metric_Pad0.74x0.62mm_HandSolder (layer F.Cu) (tedit 5F6BB22C) (tstamp 5F7CC2BA)
    (at 68.74 65.91 180)
    (descr "Capacitor SMD 0402 (1005 Metric), square (rectangular) end terminal, IPC_7351 nominal with elongated pad for handsoldering. (Body size source: IPC-SM-782 page 76, https://www.pcb-3d.com/wordpress/wp-content/uploads/ipc-sm-782a_amendment_1_and_2.pdf), generated with kicad-footprint-generator")
    (tags "capacitor handsolder")
    (path /5F7CD7C9)
    (attr smd)
    (fp_text reference C7 (at -1.35 1.14) (layer F.SilkS)
      (effects (font (size 1 1) (thickness 0.15)))
    )
    (fp_text value 100nF (at 0 1.16) (layer F.Fab)
      (effects (font (size 1 1) (thickness 0.15)))
    )
    (fp_line (start 1.08 0.46) (end -1.08 0.46) (layer F.CrtYd) (width 0.05))
    (fp_line (start 1.08 -0.46) (end 1.08 0.46) (layer F.CrtYd) (width 0.05))
    (fp_line (start -1.08 -0.46) (end 1.08 -0.46) (layer F.CrtYd) (width 0.05))
    (fp_line (start -1.08 0.46) (end -1.08 -0.46) (layer F.CrtYd) (width 0.05))
    (fp_line (start -0.115835 0.36) (end 0.115835 0.36) (layer F.SilkS) (width 0.12))
    (fp_line (start -0.115835 -0.36) (end 0.115835 -0.36) (layer F.SilkS) (width 0.12))
    (fp_line (start 0.5 0.25) (end -0.5 0.25) (layer F.Fab) (width 0.1))
    (fp_line (start 0.5 -0.25) (end 0.5 0.25) (layer F.Fab) (width 0.1))
    (fp_line (start -0.5 -0.25) (end 0.5 -0.25) (layer F.Fab) (width 0.1))
    (fp_line (start -0.5 0.25) (end -0.5 -0.25) (layer F.Fab) (width 0.1))
    (fp_text user %R (at 0 0) (layer F.Fab)
      (effects (font (size 0.25 0.25) (thickness 0.04)))
    )
    (pad 1 smd roundrect (at -0.5675 0 180) (size 0.735 0.62) (layers F.Cu F.Paste F.Mask) (roundrect_rratio 0.25)
      (net 3 +3V3))
    (pad 2 smd roundrect (at 0.5675 0 180) (size 0.735 0.62) (layers F.Cu F.Paste F.Mask) (roundrect_rratio 0.25)
      (net 1 GND))
    (model ${KISYS3DMOD}/Capacitor_SMD.3dshapes/C_0402_1005Metric.wrl
      (at (xyz 0 0 0))
      (scale (xyz 1 1 1))
      (rotate (xyz 0 0 0))
    )
  )

  (module Capacitor_SMD:C_0402_1005Metric_Pad0.74x0.62mm_HandSolder (layer F.Cu) (tedit 5F6BB22C) (tstamp 5F7CC2CB)
    (at 68.81 67.4 180)
    (descr "Capacitor SMD 0402 (1005 Metric), square (rectangular) end terminal, IPC_7351 nominal with elongated pad for handsoldering. (Body size source: IPC-SM-782 page 76, https://www.pcb-3d.com/wordpress/wp-content/uploads/ipc-sm-782a_amendment_1_and_2.pdf), generated with kicad-footprint-generator")
    (tags "capacitor handsolder")
    (path /5F7CD7CF)
    (attr smd)
    (fp_text reference C8 (at -2.05 -1.16) (layer F.SilkS)
      (effects (font (size 1 1) (thickness 0.15)))
    )
    (fp_text value 100nF (at 0 1.16) (layer F.Fab)
      (effects (font (size 1 1) (thickness 0.15)))
    )
    (fp_line (start -0.5 0.25) (end -0.5 -0.25) (layer F.Fab) (width 0.1))
    (fp_line (start -0.5 -0.25) (end 0.5 -0.25) (layer F.Fab) (width 0.1))
    (fp_line (start 0.5 -0.25) (end 0.5 0.25) (layer F.Fab) (width 0.1))
    (fp_line (start 0.5 0.25) (end -0.5 0.25) (layer F.Fab) (width 0.1))
    (fp_line (start -0.115835 -0.36) (end 0.115835 -0.36) (layer F.SilkS) (width 0.12))
    (fp_line (start -0.115835 0.36) (end 0.115835 0.36) (layer F.SilkS) (width 0.12))
    (fp_line (start -1.08 0.46) (end -1.08 -0.46) (layer F.CrtYd) (width 0.05))
    (fp_line (start -1.08 -0.46) (end 1.08 -0.46) (layer F.CrtYd) (width 0.05))
    (fp_line (start 1.08 -0.46) (end 1.08 0.46) (layer F.CrtYd) (width 0.05))
    (fp_line (start 1.08 0.46) (end -1.08 0.46) (layer F.CrtYd) (width 0.05))
    (fp_text user %R (at 0 0) (layer F.Fab)
      (effects (font (size 0.25 0.25) (thickness 0.04)))
    )
    (pad 2 smd roundrect (at 0.5675 0 180) (size 0.735 0.62) (layers F.Cu F.Paste F.Mask) (roundrect_rratio 0.25)
      (net 1 GND))
    (pad 1 smd roundrect (at -0.5675 0 180) (size 0.735 0.62) (layers F.Cu F.Paste F.Mask) (roundrect_rratio 0.25)
      (net 3 +3V3))
    (model ${KISYS3DMOD}/Capacitor_SMD.3dshapes/C_0402_1005Metric.wrl
      (at (xyz 0 0 0))
      (scale (xyz 1 1 1))
      (rotate (xyz 0 0 0))
    )
  )

  (module Capacitor_SMD:C_0402_1005Metric_Pad0.74x0.62mm_HandSolder (layer F.Cu) (tedit 5F6BB22C) (tstamp 5F7CC2DC)
    (at 71.78 54.11 270)
    (descr "Capacitor SMD 0402 (1005 Metric), square (rectangular) end terminal, IPC_7351 nominal with elongated pad for handsoldering. (Body size source: IPC-SM-782 page 76, https://www.pcb-3d.com/wordpress/wp-content/uploads/ipc-sm-782a_amendment_1_and_2.pdf), generated with kicad-footprint-generator")
    (tags "capacitor handsolder")
    (path /5F7CE135)
    (attr smd)
    (fp_text reference C9 (at 0 -1.16 90) (layer F.SilkS)
      (effects (font (size 1 1) (thickness 0.15)))
    )
    (fp_text value 100nF (at 0 1.16 90) (layer F.Fab)
      (effects (font (size 1 1) (thickness 0.15)))
    )
    (fp_line (start 1.08 0.46) (end -1.08 0.46) (layer F.CrtYd) (width 0.05))
    (fp_line (start 1.08 -0.46) (end 1.08 0.46) (layer F.CrtYd) (width 0.05))
    (fp_line (start -1.08 -0.46) (end 1.08 -0.46) (layer F.CrtYd) (width 0.05))
    (fp_line (start -1.08 0.46) (end -1.08 -0.46) (layer F.CrtYd) (width 0.05))
    (fp_line (start -0.115835 0.36) (end 0.115835 0.36) (layer F.SilkS) (width 0.12))
    (fp_line (start -0.115835 -0.36) (end 0.115835 -0.36) (layer F.SilkS) (width 0.12))
    (fp_line (start 0.5 0.25) (end -0.5 0.25) (layer F.Fab) (width 0.1))
    (fp_line (start 0.5 -0.25) (end 0.5 0.25) (layer F.Fab) (width 0.1))
    (fp_line (start -0.5 -0.25) (end 0.5 -0.25) (layer F.Fab) (width 0.1))
    (fp_line (start -0.5 0.25) (end -0.5 -0.25) (layer F.Fab) (width 0.1))
    (fp_text user %R (at 0 0 90) (layer F.Fab)
      (effects (font (size 0.25 0.25) (thickness 0.04)))
    )
    (pad 1 smd roundrect (at -0.5675 0 270) (size 0.735 0.62) (layers F.Cu F.Paste F.Mask) (roundrect_rratio 0.25)
      (net 3 +3V3))
    (pad 2 smd roundrect (at 0.5675 0 270) (size 0.735 0.62) (layers F.Cu F.Paste F.Mask) (roundrect_rratio 0.25)
      (net 1 GND))
    (model ${KISYS3DMOD}/Capacitor_SMD.3dshapes/C_0402_1005Metric.wrl
      (at (xyz 0 0 0))
      (scale (xyz 1 1 1))
      (rotate (xyz 0 0 0))
    )
  )

  (module Capacitor_SMD:C_0402_1005Metric_Pad0.74x0.62mm_HandSolder (layer F.Cu) (tedit 5F6BB22C) (tstamp 5F7CC2ED)
    (at 74.4 54.1 270)
    (descr "Capacitor SMD 0402 (1005 Metric), square (rectangular) end terminal, IPC_7351 nominal with elongated pad for handsoldering. (Body size source: IPC-SM-782 page 76, https://www.pcb-3d.com/wordpress/wp-content/uploads/ipc-sm-782a_amendment_1_and_2.pdf), generated with kicad-footprint-generator")
    (tags "capacitor handsolder")
    (path /5F7CE13B)
    (attr smd)
    (fp_text reference C10 (at 0 -1.16 90) (layer F.SilkS)
      (effects (font (size 1 1) (thickness 0.15)))
    )
    (fp_text value 100nF (at 0 1.16 90) (layer F.Fab)
      (effects (font (size 1 1) (thickness 0.15)))
    )
    (fp_line (start -0.5 0.25) (end -0.5 -0.25) (layer F.Fab) (width 0.1))
    (fp_line (start -0.5 -0.25) (end 0.5 -0.25) (layer F.Fab) (width 0.1))
    (fp_line (start 0.5 -0.25) (end 0.5 0.25) (layer F.Fab) (width 0.1))
    (fp_line (start 0.5 0.25) (end -0.5 0.25) (layer F.Fab) (width 0.1))
    (fp_line (start -0.115835 -0.36) (end 0.115835 -0.36) (layer F.SilkS) (width 0.12))
    (fp_line (start -0.115835 0.36) (end 0.115835 0.36) (layer F.SilkS) (width 0.12))
    (fp_line (start -1.08 0.46) (end -1.08 -0.46) (layer F.CrtYd) (width 0.05))
    (fp_line (start -1.08 -0.46) (end 1.08 -0.46) (layer F.CrtYd) (width 0.05))
    (fp_line (start 1.08 -0.46) (end 1.08 0.46) (layer F.CrtYd) (width 0.05))
    (fp_line (start 1.08 0.46) (end -1.08 0.46) (layer F.CrtYd) (width 0.05))
    (fp_text user %R (at 0 0 90) (layer F.Fab)
      (effects (font (size 0.25 0.25) (thickness 0.04)))
    )
    (pad 2 smd roundrect (at 0.5675 0 270) (size 0.735 0.62) (layers F.Cu F.Paste F.Mask) (roundrect_rratio 0.25)
      (net 1 GND))
    (pad 1 smd roundrect (at -0.5675 0 270) (size 0.735 0.62) (layers F.Cu F.Paste F.Mask) (roundrect_rratio 0.25)
      (net 3 +3V3))
    (model ${KISYS3DMOD}/Capacitor_SMD.3dshapes/C_0402_1005Metric.wrl
      (at (xyz 0 0 0))
      (scale (xyz 1 1 1))
      (rotate (xyz 0 0 0))
    )
  )

  (module Capacitor_SMD:C_0402_1005Metric_Pad0.74x0.62mm_HandSolder (layer F.Cu) (tedit 5F6BB22C) (tstamp 5F7CC2FE)
    (at 58.76 51.67)
    (descr "Capacitor SMD 0402 (1005 Metric), square (rectangular) end terminal, IPC_7351 nominal with elongated pad for handsoldering. (Body size source: IPC-SM-782 page 76, https://www.pcb-3d.com/wordpress/wp-content/uploads/ipc-sm-782a_amendment_1_and_2.pdf), generated with kicad-footprint-generator")
    (tags "capacitor handsolder")
    (path /5F7CE9A9)
    (attr smd)
    (fp_text reference C11 (at 2.63 0.48) (layer F.SilkS)
      (effects (font (size 1 1) (thickness 0.15)))
    )
    (fp_text value 100nF (at 0 1.16) (layer F.Fab)
      (effects (font (size 1 1) (thickness 0.15)))
    )
    (fp_line (start 1.08 0.46) (end -1.08 0.46) (layer F.CrtYd) (width 0.05))
    (fp_line (start 1.08 -0.46) (end 1.08 0.46) (layer F.CrtYd) (width 0.05))
    (fp_line (start -1.08 -0.46) (end 1.08 -0.46) (layer F.CrtYd) (width 0.05))
    (fp_line (start -1.08 0.46) (end -1.08 -0.46) (layer F.CrtYd) (width 0.05))
    (fp_line (start -0.115835 0.36) (end 0.115835 0.36) (layer F.SilkS) (width 0.12))
    (fp_line (start -0.115835 -0.36) (end 0.115835 -0.36) (layer F.SilkS) (width 0.12))
    (fp_line (start 0.5 0.25) (end -0.5 0.25) (layer F.Fab) (width 0.1))
    (fp_line (start 0.5 -0.25) (end 0.5 0.25) (layer F.Fab) (width 0.1))
    (fp_line (start -0.5 -0.25) (end 0.5 -0.25) (layer F.Fab) (width 0.1))
    (fp_line (start -0.5 0.25) (end -0.5 -0.25) (layer F.Fab) (width 0.1))
    (fp_text user %R (at 0 0) (layer F.Fab)
      (effects (font (size 0.25 0.25) (thickness 0.04)))
    )
    (pad 1 smd roundrect (at -0.5675 0) (size 0.735 0.62) (layers F.Cu F.Paste F.Mask) (roundrect_rratio 0.25)
      (net 3 +3V3))
    (pad 2 smd roundrect (at 0.5675 0) (size 0.735 0.62) (layers F.Cu F.Paste F.Mask) (roundrect_rratio 0.25)
      (net 1 GND))
    (model ${KISYS3DMOD}/Capacitor_SMD.3dshapes/C_0402_1005Metric.wrl
      (at (xyz 0 0 0))
      (scale (xyz 1 1 1))
      (rotate (xyz 0 0 0))
    )
  )

  (module Capacitor_SMD:C_0402_1005Metric_Pad0.74x0.62mm_HandSolder (layer F.Cu) (tedit 5F6BB22C) (tstamp 5F7CC30F)
    (at 58.76 49.77)
